
284 285 1608 11564 11565 11566 11567 25286 29707 30324 47449 47450 
8198 8204 8205 11580 11581 25264 47501 47502
6178 11578 6546 6547 6548 11572 11573 11574 25208 46845 47465
5242 6192 11549 11550 11551 25289 2048 6190 11554 11555 11556 25202 25203 47437
7369 11608 11609 20569 25231 47519 47520 8820 11604 11605 25241 25242 47474 47475
47439 47440 7405 8380 11596 11597 25225 47467 6574 7379 11600 11601 25288 25269 30357 57823
23923 23924 23925 25258 30356 47487 4748 8707 1094 2941 11665 
11667 11668 25309 27215 47810 47811 20658 20660 20661 20662 25234 25236 47470 47471
695 705 1088 1106 7641 11659 11660 11661 25307 27209 47808 47809
6219 11677 11678 27212 47819 47820 17919 17920 17921 17922 17923 27210 30459 47814 47815
17924 27211 30545 47824 47825 11683 11684 27213 47823 32231 47837 47838
1455 1456 11687 11688 11689 27222 57946
1014 6217 11711 11712 11713 27218 47863 47864 6222 6223 11671 8288 8289 11675 27217 47855
1108 6205 7646 11707 11708 27224 30909 50511 699 709 7651 11699 11700 27219 27220 47857
17928 17925 17926 27223 47859 47860 30910 47867 11719 11721 11722 27228 47865
3698 3699 3700 11693 11694 11695 27259 47835 47836 6202 5699 11729 11730 27230 47871 47878
17951 17952 17953 27250 60219 60220 18647 11725 11726 61191 696 20752 20755 20756 20757 27238 47884
11739 11740 28610 47890 47891 17727 17728 28172 47866 47888 28189 47892 47893 58887
529 548 915 943 6041 10391 10392 15208 25448 25449 49237 49238
6363 6364 6365 10437 10438 25533 58699 58703 58704 6390 6391 6392 10427 10428 25525 58580 58581 58582
8052 8053 10447 10448 29228 25457 49232 49233 8044 8045 8046 10412 10413 10414 25454 49230 49231
8058 10472 10473 25464 49235 49236 27626 66057 8012 8498 8499 11314 11315 25546 25547 61649 61657
325 905 945 8134 10431 10432 25469 25472 49280 49281 25439 25442 49270 49271
8154 8155 10406 10407 10408 25508 25509 58751 58753 10442 25361 25528 57622 58643
8027 8030 16339 16341 16342 25489 58785 58789 58790 8018 8019 10399 8160 8161
8036 10456 16355 16356 25500 58794 58795 58796 10579 10580 10581 25550 58732 58735 930 2860 10605
10478 10479 25560 58741 5874 58249 10526 16387 25557 58649 58652 58656 10600 10601 25574 58746 58749
939 959 8005 10395 10396 25357 25391 25396 49272 49273 8235 10486 16362 25505 58801 58803 5880 4332 547 913 
20609 20610 20776 20777 25590 49277 8008 8010 10466 
10467 10468 25420 49275 49276 25570 58771 58773 58774 20609 20610 20776 20777 25590 49277 8008 8010 10466 
52129 52131 52134 52136 52138 24398 33736 57960 6375 6377 10495 10496 10497
51988 51991 51992 51993 51994 10622 10623 25422 25423 55458 55459 6774
6760 6761 6762 8623 8624 11299 11300 31016 26865 48667 48668
8649 8650 11197 11198 26866 48669 8631 8632 8633 11289 11290
8724 8725 11267 11268 11269 27441 48689 48690 48691
8639 8640 11273 11274 11275 26867 48671 48672 8643 32684 57992 57993 48673 48674
2589 2590 2591 8721 11279 11280 11281 25300 26863 48656 48657 48594 8696 11305
1757 1758 1759 1760 8621 11293 11294 26861 26862 48637 48638
1777 8629 11285 11286 3876 46768 8637 11303 25302 27448 
48658 1785 1786 1787 2070 11297 51724 8124 10888 10890 48158 48062 48063
1857 2688 9594 970 992 2767 10892 10893 10894 25367 25368 48124 48125
8102 8103 8104 8105 8106 10945 10946 10947 25372 25375 48126 48127
19276 19277 19278 19279 19280 25467 48299 48300 10909 10957 10958 25433 48169 32996 48157
591 598 984 1004 6060 10933 10934 25363 25364 48122 48123 10963 10964 10965 25314 25210 25213
6074 6075 6076 6077 6078 10927 10928 10929 25315 25221 25222 48067 48068
2010 10880 10881 20770 25435 48171 15430 15431 27799 27800 27801 25331 48077 48078
15262 15263 15264 15265 15266 15267 16261 25384 48134 48135
9472 9473 9474 10915 10916 10917 25233 25235 48070 48071
996 10960 10961 25316 25308 48072 48119 48120 48112 48113
1244 1245 2791 10937 10938 25389 48161 7128 602 1006 10951 10952 25431 988 9485 10955
592 600 3747 6065 6066 10898 10899 10900 10901 25217 25218 48065 48066
14818 14819 27841 25312 48073 19834 19835 19836 19837 19838 25291 27140 48931 48932
10298 10299 10300 10301 27150 54043 24274 24239 27180 48805 48806 5588 5589 10308
10290 643 10291 1032 10292 10293 27149 48941 48942 5599 10278 19895 19896 27151 48943
19897 19898 27152 48945 19899 19900 27153 48947 27142 48935 48936
639 647 1026 1042 3472 10328 10329 25292 27135 27136 48781 48782 19850 19852 19853 19854 25290
10322 10324 20772 20773 48949 48950 20116 20922 20923 20924 27173 48818 48819
19939 19940 19941 19942 19943 27137 48784 48785 1460 1461 10156 10157 27126 42995
5614 5615 10312 10313 10314 27138 48800 48801 10318 27139 48816 48817
5144 5145 8416 8417 10211 10212 25345 27075 38699 38704 42843 42846
597 990 6129 10144 10145 28612 33717 5505 5506 6127 10138 10139 10140 37420 27090
12824 12825 12826 28271 28272 61025 61305 61721 61780 8450 8451 10173 10174 33944 43015
8437 8438 8439 10201 10202 27080 27082 42920 42921
8455 10169 10170 27130 33946 43017 8494 8495 10191 10192 10193 27131 43019 43020
3552 10053 10054 27101 42985 22782 22783 27125 42894 42896 42897 58659
143 145 3140 8400 8401 8402 10148 10149 10150 10151 25306 27070 38692 42832 42833
2137 2138 8412 8413 10197 10199 27078 27079 42872 42873
2121 8422 8423 10215 10216 27086 42925 42926 8457 8458 10223 10225 27128 43010
8444 8445 8446 10205 10206 10207 27073 27074 42858 42859 43045 43046 7300 7301
205 837 7322 8406 8407 8408 10179 10180 10181 25304 27071 27072 38697 42841 42842
6141 8427 10185 10186 10187 27085 42939 42940 8461 8462 10177 28609 32796
43012 8492 1015910160 10161 27087 42930 42931 865 6131 10230 27088 42917
42913 42914 8924 8925 8926 8927 8928 8929 9833 9834 9835 26987 26988 48462 48463
782 1075 8914 9756 9910 26992 53307 5177 5178 5179 5180 6780 8905 9912 26984 26985 48459 48461
16810 16811 16812 16813 17329 27009 53312 1062 5195 5196 9852 9853 26989 53308 18657 18658
8949 8950 8951 9875 9876 25298 26986 48464 48465 8955 9901 26995 17401 17402 27012 48467
780 769 9754 9908 26997 48561 48562 6808 6809 8972 9745 9880 9881 26996 48479 48480
14922 14923 14924 14925 14926 14927 27344 1735 9490 9747 9898 26998 48559 48560
58861 6798 8983 3029 5201 9849 9850 27000 48569 48570
9492 9493 9752 9894 9896 27008 49799 49800 6800 8992 9829 9830 27001 27002 48571 48572
6793 9845 9846 50212 50213 1823 1824 9904 27003 48573 48574 9821 33357
9000 9892 31709 27004 48575 22827 22828 22829 31018 24248 48576 48577 6787
9866 9867 27005 48578 48579 9823 9827 27006 49803 49802 48567 48568 5186 5187
5188 589 6778 8903 9758 9888 9889 25297 26978 26979 48377 48378
1058 1430 2090 2091 3627 8910 9839 9840 9841 25299 26981 26982 48440 48441
8938 8939 8940 8941 9750 9856 9857 9858 26980 48442 48443 50768 50767 50766 50765 50764 50763
20739 20742 20747 20748 26994 48477 8918 9862 9863 26983 48446 48447 48450 48451
49926 49927 49928 49929 49930 49999 45463 49923 49924 49939 49940 49941
52375 49892 49893 49894 49895 49917 49918 49919 49920 49921 49936 49937 49938
49896 49903 49904 49909 51423 51424 51425 14318 14319 14320 14321 14322 25296 27044
3111 3661 3662 13542 13543 13544 27046 48989 48990 14326 14327 20190 27045 49071
14281 14282 14283 14284 14285 14286 14287 27019 49044 49045 14323 14324 14325 53338
13549 13550 13551 13552 13553 13554 13555 25295 27016 49000 49001
14288 14289 14290 25294 27021 49047 49048 34120 49051 49052
14294 14295 27022 58431 58434 14269 14270 14271 36916 53339
14260 14261 14262 14263 14264 14265 14266 27014 48995 48996 14302 
14303 14304 14305 27023 49055 49056 14310 14311 14316 14317 27025 49066 49067
